67, 28, 80, 20, 95, 24, 103, 34, 105, 42, 100, 50, 77, 55, 65, 48, 63, 28, 84, 27, 94, 35, 98, 41, 95, 49
78, 34, 74, 39, 77, 44, 85, 47, 88, 41, 85, 36, 79, 34
80, 39, 84, 40
65, 34, 57, 37, 52, 40, 55, 44, 50, 47, 53, 50, 50, 56, 54, 59, 47, 67, 54, 71, 51, 77, 54, 86, 192, 262, 269, 339, 269, 339, 294, 376, 310, 400, 312, 419, 312, 432, 312, 462
99, 142, 89, 106, 87, 80, 89, 68, 83, 101, 86, 119, 96, 140
152, 212, 141, 206, 124, 201, 112, 201
151, 210, 141, 201, 131, 196
178, 243, 188, 265, 186, 280, 181, 298, 180, 314, 201, 334, 231, 344, 232, 348, 232, 368, 245, 381, 260, 393, 270, 399, 265, 413, 270, 425, 278, 434, 286, 434, 290, 428, 290, 454, 291, 471, 295, 475, 293, 452, 301, 424, 310, 401
231, 343, 228, 301
188, 263, 229, 304, 265, 343, 290, 378, 308, 402
269, 396, 273, 376, 268, 345
290, 426, 293, 408, 296, 381
230, 335, 221, 309
271, 381, 261, 357
291, 410, 287, 390
180, 313, 175, 293, 178, 281, 178, 263, 176, 240
183, 268, 163, 255, 135, 246, 126, 253, 138, 260, 141, 248
182, 281, 155, 268, 135, 269, 137, 278, 151, 280, 147, 268
180, 294, 161, 295, 159, 300, 166, 303, 168, 296
179, 307, 182, 281, 183, 262, 180, 245
181, 246, 181, 246, 196, 250, 205, 259, 205, 275, 214, 283, 220, 283, 229, 283, 238, 290, 240, 301, 240, 310, 255, 320, 270, 323, 275, 329, 279, 341, 283, 356, 293, 370, 301, 375, 313, 384, 311, 400, 311, 403, 316, 408, 326, 413, 338, 413, 313, 400
311, 458, 303, 448, 295, 443
305, 416, 306, 450, 298, 432
582, 897, 570, 848, 536, 810, 498, 790, 478, 760, 467, 708, 459, 633, 443, 536, 421, 519, 449, 507, 469, 521, 493, 551, 529, 576, 559, 590, 590, 596, 609, 598, 635, 616, 600, 575, 587, 543, 561, 516, 531, 505, 496, 500, 445, 482, 418, 470, 407, 445, 391, 416, 396, 403, 385, 395, 380, 405, 366, 412, 358, 421, 340, 413, 327, 424, 303, 465, 299, 496, 285, 525, 276, 565, 261, 601, 245, 639, 254, 690, 248, 726, 238, 739, 260, 722, 268, 708, 274, 690, 289, 668, 309, 661, 336, 645, 365, 668, 371, 708, 381, 736, 398, 759, 425, 791, 423, 820, 408, 848, 407, 866, 420, 897, 440, 899, 440, 897, 444, 868, 456, 852, 466, 840, 465, 813, 470, 830, 490, 840, 518, 850, 545, 863, 569, 880, 583, 898
299, 503, 300, 520, 304, 558, 342, 628, 366, 667, 366, 667
299, 514, 287, 545, 277, 583, 262, 606, 252, 635, 253, 663, 258, 688, 248, 729
413, 453, 417, 426, 400, 405, 410, 449
417, 423, 430, 332, 446, 220, 438, 229, 435, 265, 421, 338, 414, 395, 396, 404
448, 218, 457, 193, 480, 181, 503, 171, 509, 143, 500, 119, 477, 115, 472, 125, 480, 141, 489, 153, 494, 166, 488, 175
448, 217, 446, 192, 440, 154, 445, 122, 456, 91, 446, 58, 420, 46, 393, 43, 382, 59, 398, 79, 418, 90, 433, 93, 441, 102, 441, 128
436, 229, 441, 165
430, 313, 422, 279, 412, 275, 403, 251, 393, 254, 408, 267
438, 246, 455, 246, 463, 240
436, 258, 449, 258, 465, 251
433, 273, 448, 275, 455, 266
431, 288, 444, 288, 450, 283
430, 301, 441, 304, 450, 299
426, 320, 435, 320, 445, 313
424, 336, 439, 338, 445, 331
421, 352, 431, 353, 440, 350
416, 368, 428, 371, 441, 362
419, 381, 433, 382, 448, 373
415, 395, 426, 396, 436, 395
408, 398, 418, 409, 429, 417, 441, 412
415, 432, 434, 436, 441, 431
413, 458, 421, 450, 434, 451
422, 522, 423, 549, 396, 556, 398, 600, 406, 636, 387, 599, 362, 568, 340, 579, 311, 569
398, 602, 402, 572, 418, 549
388, 603, 365, 584, 345, 578
452, 588, 439, 587, 433, 601, 413, 599, 431, 613, 442, 602, 452, 599
458, 636, 445, 629, 434, 645, 422, 648, 440, 659, 447, 649, 453, 650, 460, 646
463, 663, 450, 664, 438, 678, 423, 675, 436, 687, 445, 687, 455, 679, 461, 679
417, 685, 427, 706, 420, 698, 417, 710, 417, 684
464, 684, 457, 702, 451, 727, 443, 743, 443, 771, 472, 791, 512, 802, 525, 805
334, 618, 345, 603, 357, 610, 362, 597, 366, 616, 354, 623, 345, 623
348, 637, 370, 640, 376, 629, 375, 648, 363, 649, 359, 650
368, 678, 381, 680, 390, 667, 392, 686, 379, 688, 368, 698
394, 721, 413, 738, 418, 755, 435, 778, 427, 821, 419, 823
397, 722, 373, 710
473, 740, 453, 724
481, 757, 445, 745
486, 778, 443, 768
386, 741, 397, 725
398, 757, 413, 735
420, 783, 417, 757
439, 892, 437, 860, 443, 872

566, 875, 553, 849, 554, 867
540, 860, 532, 842
449, 858, 449, 835
522, 852, 512, 834
497, 839, 484, 818
519, 505, 554, 528, 567, 549, 577, 570, 588, 579, 573, 571, 554, 568, 528, 566, 498, 554
495, 551, 519, 553, 539, 557, 554, 556, 546, 541, 537, 527, 517, 512, 511, 505
512, 527, 501, 525, 503, 533, 520, 540, 528, 541, 522, 531, 514, 527
501, 527, 481, 512, 474, 501
482, 513, 466, 510
623, 602, 592, 572
624, 605, 601, 586
625, 607, 589, 588
612, 597, 569, 586
610, 595, 580, 551
592, 556, 574, 538
568, 576, 600, 597

230, 347, 212, 340, 182, 331, 157, 330, 189, 339, 213, 343, 232, 349, 212, 354
271, 400, 239, 395, 222, 400, 244, 402, 268, 401, 252, 413
444, 127, 448, 97, 438, 73
490, 176, 501, 164, 500, 151
407, 84, 424, 97, 435, 111, 441, 132
484, 174, 489, 154
342, 447, 336, 476, 335, 500, 343, 514, 362, 526, 376, 551, 382, 570, 385, 542, 387, 521, 393, 509, 397, 492, 391, 466, 380, 454, 377, 437, 381, 426
351, 518, 373, 522, 393, 506
375, 522, 380, 557
377, 517, 365, 457
366, 521, 359, 484
384, 516, 379, 474
354, 517, 351, 498
391, 506, 389, 483
341, 512, 342, 492
403, 626, 390, 586, 398, 553
389, 586, 366, 567
358, 555, 345, 564, 329, 559, 318, 552
318, 537, 329, 536, 348, 542, 354, 533
393, 541, 399, 530, 415, 528
339, 522, 321, 523, 310, 509
401, 514, 417, 511, 421, 497
328, 494, 310, 491
327, 484, 315, 473
330, 467, 326, 448, 342, 428
389, 438, 403, 457
405, 494, 412, 479, 408, 466
466, 490, 444, 491, 418, 473
466, 687, 459, 720, 453, 751, 473, 790
373, 711, 396, 731, 409, 751, 429, 774

300, 541, 293, 555, 285, 567
301, 559, 285, 578
308, 572, 263, 610

338, 623, 330, 644, 297, 663
249, 728, 267, 698, 274, 688
