168, 246, 188, 206, 223, 177, 240, 145, 282, 120, 329, 113, 360, 126, 372, 164, 381, 212, 387, 238
170, 247, 245, 205, 280, 194, 303, 200, 311, 209, 305, 220, 293, 225, 280, 248, 286, 274, 293, 305, 276, 337, 265, 368, 261, 396, 273, 438, 265, 457
274, 440, 279, 469, 286, 508, 284, 578, 273, 628, 237, 677, 140, 704, 85, 749, 142, 713, 222, 700, 236, 689, 245, 697, 257, 695, 290, 687, 316, 692, 348, 702, 331, 686, 303, 677, 273, 676, 272, 664, 283, 644, 310, 606, 323, 576
285, 512, 275, 499
323, 577, 335, 592, 354, 618, 380, 623, 403, 623, 426, 643, 430, 654, 431, 634, 426, 624, 413, 616, 440, 615, 453, 635, 448, 727, 436, 810, 447, 849, 461, 860, 503, 867, 529, 852, 543, 810, 542, 730, 526, 649, 501, 531, 468, 431, 463, 489, 458, 570, 453, 635
301, 118, 316, 110, 328, 94, 325, 106, 321, 112
321, 112, 333, 104, 339, 100, 334, 108, 328, 115
330, 115, 349, 98, 362, 87, 364, 74, 359, 57, 356, 40, 366, 73, 365, 85, 357, 108, 362, 121, 362, 133
468, 432, 441, 322, 411, 272, 388, 238
169, 245, 198, 221, 225, 208, 263, 196, 284, 193
170, 241, 198, 210, 217, 200
356, 122, 377, 117, 383, 120, 384, 108, 377, 116
363, 136, 382, 140, 392, 132, 388, 149, 383, 140
374, 165, 386, 185, 403, 189, 420, 182, 433, 182, 444, 194, 420, 209, 406, 192, 426, 192
382, 210, 406, 233, 431, 251, 432, 284, 438, 303, 461, 320, 494, 358, 524, 380, 573, 440, 607, 506, 616, 550, 620, 616, 604, 645, 575, 651, 541, 625, 531, 583, 528, 518, 520, 451, 504, 403, 493, 371, 476, 340
490, 700, 492, 719, 498, 738, 511, 763, 513, 791, 499, 809, 495, 826, 489, 811, 482, 800, 475, 785, 474, 753, 486, 741, 491, 718
483, 766, 493, 758, 502, 761, 506, 774, 505, 783, 494, 783, 484, 778, 484, 766
450, 762, 462, 770, 453, 781
530, 762, 518, 774, 533, 785
562, 510, 567, 518, 576, 570, 575, 595, 568, 575, 558, 525, 562, 513
469, 431, 464, 401, 477, 381, 482, 368, 480, 344, 498, 391, 496, 406, 488, 412, 480, 422, 477, 455
472, 414, 477, 401, 487, 391, 487, 382
507, 562, 510, 536, 519, 518, 525, 484
507, 554, 507, 510, 516, 488, 520, 463
499, 524, 497, 497, 502, 473, 508, 452, 502, 434, 496, 422, 497, 404
467, 376, 457, 363
468, 367, 459, 341
450, 344, 447, 322
472, 349, 461, 326
481, 342, 431, 251
469, 437, 484, 641
470, 438, 498, 597
469, 433, 467, 602
487, 351, 558, 452
489, 356, 543, 471
411, 272, 402, 337, 416, 374, 403, 460
412, 617, 389, 586, 404, 559, 387, 522
334, 588, 323, 557, 338, 534
382, 222, 369, 262, 380, 283
288, 290, 311, 325, 298, 371, 316, 406
322, 226, 335, 188, 317, 174
316, 407, 402, 493, 453, 531, 405, 467
277, 449, 290, 479
299, 365, 293, 307
441, 272, 465, 286, 504, 296, 531, 299, 503, 305, 476, 298, 514, 329, 459, 302
