299, 302, 286, 312, 289, 329, 299, 336, 317, 332, 320, 318, 314, 302, 302, 301
287, 327, 281, 252, 285, 156, 285, 101, 290, 81, 300, 86, 302, 101, 292, 105, 286, 114
287, 312, 305, 262, 319, 216, 333, 176, 355, 143, 365, 123, 380, 126, 375, 140, 367, 142, 354, 147
290, 308, 320, 277, 349, 246, 372, 224, 394, 208, 422, 196, 443, 188, 449, 192, 449, 200, 442, 202, 431, 201, 421, 197
284, 272, 288, 263, 302, 254, 309, 244
301, 272, 309, 261, 320, 256, 330, 259, 342, 256, 349, 244
293, 304, 315, 272
287, 305, 290, 274
320, 321, 322, 294, 327, 281, 335, 262
304, 295, 313, 293, 319, 295
312, 287, 319, 286, 322, 287
321, 276, 328, 277
327, 339, 324, 344, 329, 347, 335, 341, 334, 334, 329, 336
344, 339, 355, 340, 359, 355, 359, 371, 355, 381, 337, 391, 324, 404, 317, 419, 316, 440, 302, 452, 286, 460, 303, 453, 319, 448, 332, 447, 345, 447
344, 339, 342, 352, 349, 359, 355, 369, 355, 379
387, 317, 372, 295, 375, 270, 408, 260, 430, 275, 467, 267, 470, 275, 457, 282, 437, 279
374, 275, 370, 257
435, 280, 448, 299, 465, 305, 475, 305, 492, 302, 500, 313, 500, 320, 490, 325, 481, 324, 465, 309, 451, 301, 480, 324, 484, 338, 477, 347, 474, 358, 477, 378, 466, 367
346, 449, 330, 465, 320, 483, 333, 505, 347, 523, 365, 536, 367, 553, 362, 574, 349, 592, 329, 599, 353, 602, 379, 596, 390, 564, 394, 531, 350, 501, 341, 490, 348, 450
351, 445, 346, 472, 347, 490, 358, 502, 372, 501, 390, 490, 399, 462, 382, 431, 365, 434, 351, 444

359, 503, 380, 434
346, 467, 392, 479
386, 319, 385, 302, 387, 292, 389, 285, 414, 284, 424, 304, 424, 325, 414, 345, 397, 363, 372, 374, 356, 380

424, 301, 432, 319, 432, 345, 423, 369, 413, 381, 406, 396, 398, 415, 396, 438, 400, 465, 394, 489, 392, 505, 397, 529, 406, 544, 409, 566, 391, 609, 354, 625, 324, 633, 320, 649, 325, 649, 332, 645, 335, 637, 344, 630

421, 370, 435, 365, 470, 380, 495, 404, 518, 423, 552, 445, 587, 469, 598, 490, 585, 500, 562, 495, 544, 477, 513, 436, 477, 410, 457, 391, 435, 388, 420, 394, 410, 404, 402, 428, 395, 450
328, 615, 305, 621, 290, 616
293, 600, 273, 598, 260, 611, 253, 631, 224, 634
449, 444, 443, 458, 445, 483, 448, 506, 453, 541, 448, 592, 443, 621, 439, 653, 435, 689, 457, 732, 476, 748, 510, 768, 543, 786, 563, 780, 575, 758, 581, 716, 588, 673, 592, 638, 593, 606, 570, 568, 545, 545, 507, 495, 488, 470, 464, 446, 450, 443
467, 448, 460, 442, 454, 435, 454, 425, 447, 415
450, 571, 449, 563, 443, 556, 437, 546, 438, 536
445, 708, 437, 700, 430, 700, 427, 693, 424, 681, 418, 675
565, 778, 577, 771, 587, 758, 596, 750
594, 612, 599, 601, 606, 601, 613, 596
529, 525, 536, 543, 529, 579, 530, 604, 551, 629, 570, 639, 582, 646, 588, 670
529, 594, 531, 576, 541, 568, 553, 564, 573, 579, 585, 589, 591, 606, 589, 623, 583, 630, 569, 633, 548, 626
552, 591, 563, 605
571, 614, 578, 619
548, 585, 542, 576
537, 601, 544, 597
543, 607, 549, 602
551, 615, 554, 608
560, 586, 565, 578
565, 593, 573, 586
568, 599, 578, 595
439, 652, 441, 666, 453, 692, 480, 722, 517, 737, 512, 722, 511, 699, 519, 694, 537, 704, 552, 720, 563, 745, 567, 762, 566, 775, 542, 784, 525, 773, 517, 743, 516, 734
553, 721, 569, 713, 583, 698
560, 738, 573, 729, 583, 717
542, 711, 552, 727, 551, 736, 544, 745, 527, 742, 519, 734
544, 747, 535, 754, 530, 770, 541, 783, 559, 779, 562, 771, 562, 759, 545, 748
524, 714, 534, 720, 534, 729
544, 761, 549, 765, 546, 771
475, 746, 492, 749, 503, 754, 519, 758
452, 688, 455, 702, 447, 705, 440, 699
454, 704, 452, 713, 452, 723, 459, 728, 465, 722, 465, 715, 461, 708, 455, 702
464, 726, 487, 736, 499, 743, 517, 743
512, 699, 508, 681, 506, 655, 515, 673, 533, 698, 545, 711
444, 457, 455, 458, 469, 452
445, 467, 459, 467, 473, 459
446, 478, 463, 475, 470, 470, 479, 464
448, 488, 465, 488, 480, 482, 490, 474
449, 507, 470, 507, 483, 502, 490, 494, 500, 484
452, 525, 472, 526, 486, 522, 499, 513, 512, 500
454, 547, 477, 545, 487, 542, 500, 533, 512, 524, 520, 514
452, 564, 470, 565, 487, 562, 505, 558, 514, 550, 524, 544, 533, 534
447, 591, 464, 589, 485, 589, 502, 585, 523, 574, 531, 564
444, 620, 469, 620, 498, 614, 520, 604, 529, 594
440, 652, 464, 650, 494, 643, 517, 637, 532, 625, 540, 618
449, 682, 473, 682, 496, 677, 508, 675, 543, 663, 560, 649, 569, 637
469, 710, 487, 709, 505, 705, 510, 705
540, 704, 562, 691, 582, 664, 584, 652
317, 438, 333, 406, 350, 399, 370, 395, 385, 395, 398, 387, 415, 368, 425, 349, 430, 333
318, 437, 329, 429, 336, 419, 349, 408, 370, 408, 385, 404, 395, 399, 407, 388, 414, 379
318, 438, 326, 433, 335, 425, 345, 418, 357, 418, 366, 419, 379, 420, 392, 414, 404, 400
335, 426, 345, 425, 352, 428, 357, 432, 367, 433
338, 433, 334, 437, 339, 439, 344, 438, 339, 434
385, 312, 378, 291
561, 494, 574, 494, 584, 491, 587, 481, 582, 466
489, 416, 479, 398, 469, 384, 448, 373, 434, 365
330, 600, 354, 598, 360, 594, 369, 590, 379, 578, 386, 568, 394, 543
305, 451, 321, 443
457, 368, 444, 360
458, 358, 447, 341
463, 351, 461, 335
474, 334, 458, 318
451, 328, 443, 308
432, 300, 426, 284
416, 273, 397, 273
439, 346, 440, 329
386, 276, 382, 285
369, 394, 385, 388, 394, 378, 399, 370, 409, 354, 414, 346
559, 473, 565, 483, 572, 470, 558, 464, 534, 444
