337, 253, 276, 261, 211, 308, 163, 371, 124, 472, 141, 574, 201, 642, 285, 683, 394, 693, 467, 681, 520, 634, 569, 566, 579, 460, 561, 394, 527, 326, 456, 271, 392, 251, 338, 252
210, 309, 173, 209, 88, 96, 233, 194, 276, 262
336, 252, 321, 194, 368, 125, 357, 21, 408, 64, 421, 182, 398, 249
193, 264, 154, 262, 139, 216, 127, 295, 187, 328, 183, 345
413, 205, 446, 195, 471, 151, 499, 210, 465, 250, 476, 285
169, 318, 51, 317, 0, 269, 1, 324, 66, 359, 153, 390
114, 384, 59, 412, 119, 417, 133, 452
129, 454, 50, 459, 6, 512, 61, 492, 131, 507
98, 499, 48, 542, 2, 544, 67, 593, 101, 574, 89, 628, 119, 571, 142, 569
470, 266, 554, 192, 601, 128, 591, 227, 539, 268, 604, 285, 535, 294, 528, 328
201, 642, 148, 695, 166, 794, 101, 870, 237, 784, 214, 700, 261, 672
236, 688, 264, 743, 252, 767, 286, 820, 316, 739, 296, 705, 314, 686
529, 316, 575, 314, 594, 350, 626, 306, 626, 382, 571, 379, 561, 392
598, 380, 662, 404, 698, 382, 697, 415, 671, 438, 594, 433, 579, 453
609, 435, 622, 470, 660, 465, 628, 498, 596, 480, 574, 505
131, 570, 131, 618, 99, 642, 64, 721, 122, 669, 170, 659, 200, 642
316, 742, 359, 764, 343, 727, 363, 690
437, 689, 433, 772, 384, 815, 392, 755, 354, 706
434, 735, 502, 753, 482, 714, 487, 662
583, 494, 620, 527, 698, 510, 699, 548, 623, 593, 642, 620, 557, 585
587, 597, 619, 632, 622, 672, 570, 634, 520, 632
486, 681, 545, 702, 574, 809, 613, 739, 584, 667, 578, 637
